,Month,MonthlyMeanTemperature,MonthlySeaLevelPressure,MonthlyStationPressure,MonthlyWetBulb,MonthlyDepartureFromNormalAverageTemperature,MonthlyMaximumTemperature,MonthlyMinimumTemperature
0,1,24.161290322580644,,,,1.4612903225806453,33.67741935483871,14.258064516129032
1,2,22.107142857142858,,,,-2.9857142857142853,31.392857142857142,12.285714285714286
2,3,30.967741935483872,,,,-0.46451612903225803,40.41935483870968,21.0
3,4,40.833333333333336,,,,2.6166666666666667,52.46666666666667,28.666666666666668
4,5,50.61290322580645,,,,2.1451612903225805,63.354838709677416,37.483870967741936
5,6,61.5,,,,3.6166666666666667,74.1,48.36666666666667
6,7,66.9,,,,1.35,78.9,54.233333333333334
7,8,65.3225806451613,,,,2.274193548387097,77.41935483870968,52.61290322580645
8,9,60.766666666666666,,,,5.206666666666666,73.16666666666667,47.93333333333333
9,10,43.74193548387097,,,,-0.02580645161290329,54.193548387096776,32.67741935483871
10,11,27.6,,,,-4.203333333333333,37.06666666666667,17.666666666666668
11,12,23.322580645161292,,,,-0.5,30.516129032258064,15.612903225806452
