,Month,MonthlyMeanTemperature,MonthlySeaLevelPressure,MonthlyStationPressure,MonthlyWetBulb,MonthlyDepartureFromNormalAverageTemperature,MonthlyMaximumTemperature,MonthlyMinimumTemperature
0,1,46.87096774193548,,,,1.6741935483870967,60.645161290322584,32.806451612903224
1,2,52.42857142857143,,,,3.1785714285714284,67.17857142857143,37.32142857142857
2,3,55.666666666666664,,,,-0.38,68.46666666666667,42.233333333333334
3,4,67.2,,,,2.4033333333333333,82.6,51.233333333333334
4,5,72.54838709677419,,,,-1.8096774193548388,84.70967741935483,59.96774193548387
5,6,80.66666666666667,,,,-0.2666666666666666,95.4,65.5
6,7,85.16129032258064,,,,2.5612903225806454,98.80645161290323,70.96774193548387
7,8,88.45161290322581,,,,7.04516129032258,102.48387096774194,73.90322580645162
8,9,81.7,,,,5.886666666666667,93.66666666666667,69.23333333333333
9,10,64.35483870967742,,,,-1.7,79.45161290322581,48.83870967741935
10,11,53.46666666666667,,,,-1.1099999999999999,67.7,38.63333333333333
11,12,49.96774193548387,,,,4.161290322580645,64.12903225806451,35.25806451612903
