,Month,MonthlyMeanTemperature,MonthlySeaLevelPressure,MonthlyStationPressure,MonthlyWetBulb,MonthlyDepartureFromNormalAverageTemperature,MonthlyMaximumTemperature,MonthlyMinimumTemperature
0,1,39.03225806451613,,,,-0.06774193548387097,56.41935483870968,21.032258064516128
1,2,40.333333333333336,,,,-2.9555555555555553,59.25925925925926,20.85185185185185
2,3,48.96774193548387,,,,-0.2838709677419355,67.70967741935483,29.774193548387096
3,4,62.4,,,,4.833333333333333,81.4,42.9
4,5,69.83870967741936,,,,3.0548387096774197,89.87096774193549,49.32258064516129
5,6,78.66666666666667,,,,3.2800000000000002,94.43333333333334,62.4
6,7,82.48387096774194,,,,3.464516129032258,96.93548387096774,67.54838709677419
7,8,78.0,,,,0.767741935483871,89.83870967741936,65.51612903225806
8,9,72.44827586206897,,,,0.9896551724137932,87.62068965517241,56.689655172413794
9,10,58.96666666666667,,,,-1.2199999999999998,72.13333333333334,45.3
10,11,44.93333333333333,,,,-2.0733333333333333,61.6,27.733333333333334
11,12,42.12903225806452,,,,3.138709677419355,56.74193548387097,27.0
