,Month,MonthlyMeanTemperature,MonthlySeaLevelPressure,MonthlyStationPressure,MonthlyWetBulb,MonthlyDepartureFromNormalAverageTemperature,MonthlyMaximumTemperature,MonthlyMinimumTemperature
0,1,30.387096774193548,,,,2.390322580645161,37.25806451612903,22.967741935483872
1,2,29.178571428571427,,,,-0.9214285714285716,37.17857142857143,20.571428571428573
2,3,36.806451612903224,,,,0.10645161290322575,45.67741935483871,27.35483870967742
3,4,46.53333333333333,,,,2.7800000000000002,57.6,35.0
4,5,55.67741935483871,,,,2.332258064516129,67.38709677419355,43.45161290322581
5,6,66.86666666666666,,,,3.496666666666667,77.96666666666667,55.3
6,7,71.73333333333333,,,,2.9133333333333336,82.9,60.0
7,8,67.83870967741936,,,,0.4774193548387096,77.93548387096774,57.29032258064516
8,9,65.5,,,,4.696666666666667,75.63333333333334,54.96666666666667
9,10,48.774193548387096,,,,0.37419354838709673,57.61290322580645,39.29032258064516
10,11,32.93333333333333,,,,-3.99,41.13333333333333,24.366666666666667
11,12,29.193548387096776,,,,0.7709677419354838,35.12903225806452,22.677419354838708
