,Month,MonthlyMeanTemperature,MonthlySeaLevelPressure,MonthlyStationPressure,MonthlyWetBulb,MonthlyDepartureFromNormalAverageTemperature,MonthlyMaximumTemperature,MonthlyMinimumTemperature
0,1,21.677419354838708,,,,-0.2709677419354839,37.61290322580645,5.290322580645161
1,2,19.0,,,,-6.3500000000000005,34.25,3.2857142857142856
2,3,29.0,,,,-1.6064516129032258,42.483870967741936,15.0
3,4,41.833333333333336,,,,3.493333333333333,56.3,27.0
4,5,51.964285714285715,,,,4.517857142857143,67.07142857142857,36.25
5,6,58.53333333333333,,,,4.3100000000000005,71.86666666666666,44.63333333333333
6,7,60.903225806451616,,,,2.332258064516129,73.45161290322581,48.0
7,8,57.87096774193548,,,,0.39354838709677414,69.38709677419355,45.96774193548387
8,9,53.7,,,,2.1333333333333333,68.33333333333333,38.53333333333333
9,10,41.0,,,,-1.13,53.03333333333333,28.433333333333334
10,11,28.3,,,,-3.4233333333333333,41.266666666666666,14.833333333333334
11,12,26.612903225806452,,,,2.6193548387096777,37.61290322580645,15.225806451612904
