,Month,MonthlyMeanTemperature,MonthlySeaLevelPressure,MonthlyStationPressure,MonthlyWetBulb,MonthlyDepartureFromNormalAverageTemperature,MonthlyMaximumTemperature,MonthlyMinimumTemperature
0,1,35.32258064516129,,,,-0.8709677419354839,47.645161290322584,22.419354838709676
1,2,41.642857142857146,,,,0.09642857142857143,55.5,27.357142857142858
2,3,52.233333333333334,,,,3.0966666666666667,67.06666666666666,37.03333333333333
3,4,59.2,,,,1.6866666666666668,74.53333333333333,43.3
4,5,63.25806451612903,,,,-3.732258064516129,78.58064516129032,47.54838709677419
5,6,75.03333333333333,,,,-0.4033333333333333,91.3,58.233333333333334
6,7,81.45161290322581,,,,2.7419354838709675,96.41935483870968,66.16129032258064
7,8,80.54838709677419,,,,4.183870967741935,96.03225806451613,64.61290322580645
8,9,74.13333333333334,,,,4.163333333333333,88.56666666666666,59.13333333333333
9,10,56.0,,,,-1.935483870967742,72.16129032258064,39.29032258064516
10,11,43.43333333333333,,,,-1.3666666666666667,57.96666666666667,28.5
11,12,37.96774193548387,,,,2.041935483870968,50.16129032258065,25.322580645161292
