,Month,MonthlyMeanTemperature,MonthlySeaLevelPressure,MonthlyStationPressure,MonthlyWetBulb,MonthlyDepartureFromNormalAverageTemperature,MonthlyMaximumTemperature,MonthlyMinimumTemperature
0,1,44.096774193548384,,,,-1.0999999999999999,59.96774193548387,27.64516129032258
1,2,44.42857142857143,,,,-4.821428571428571,60.892857142857146,27.678571428571427
2,3,57.0,,,,0.9900000000000003,73.56666666666666,39.86666666666667
3,4,70.73333333333333,,,,5.9366666666666665,86.36666666666666,54.63333333333333
4,5,80.45161290322581,,,,6.093548387096774,96.29032258064517,64.09677419354838
5,6,85.5,,,,4.566666666666666,98.76666666666667,71.6
6,7,88.19354838709677,,,,5.593548387096774,100.64516129032258,75.16129032258064
7,8,83.0,,,,1.5935483870967742,93.58064516129032,71.80645161290323
8,9,76.73333333333333,,,,0.9199999999999999,89.03333333333333,64.0
9,10,65.12903225806451,,,,-0.9258064516129032,78.03225806451613,51.74193548387097
10,11,51.3,,,,-3.2766666666666664,63.233333333333334,38.766666666666666
11,12,49.32258064516129,,,,3.5161290322580645,61.70967741935484,36.354838709677416
