,Month,MonthlyMeanTemperature,MonthlySeaLevelPressure,MonthlyStationPressure,MonthlyWetBulb,MonthlyDepartureFromNormalAverageTemperature,MonthlyMaximumTemperature,MonthlyMinimumTemperature
0,1,39.54838709677419,,,,2.2451612903225806,56.25806451612903,22.258064516129032
1,2,43.0,,,,1.2035714285714285,61.5,24.035714285714285
2,3,46.36666666666667,,,,-1.4400000000000002,61.733333333333334,30.466666666666665
3,4,58.06666666666667,,,,2.106666666666667,75.8,39.766666666666666
4,5,64.19354838709677,,,,-1.274193548387097,78.87096774193549,48.903225806451616
5,6,73.86666666666666,,,,-0.04666666666666665,89.93333333333334,57.3
6,7,77.90322580645162,,,,1.132258064516129,93.35483870967742,62.064516129032256
7,8,80.83870967741936,,,,5.22258064516129,97.09677419354838,64.12903225806451
8,9,73.9,,,,5.083333333333333,86.93333333333334,60.36666666666667
9,10,53.38709677419355,,,,-4.625806451612903,68.41935483870968,37.61290322580645
10,11,45.2,,,,-1.1799999999999997,61.233333333333334,28.7
11,12,41.58064516129032,,,,4.229032258064516,58.16129032258065,24.483870967741936
