,Month,MonthlyMeanTemperature,MonthlySeaLevelPressure,MonthlyStationPressure,MonthlyWetBulb,MonthlyDepartureFromNormalAverageTemperature,MonthlyMaximumTemperature,MonthlyMinimumTemperature
0,1,36.806451612903224,,,,0.6129032258064516,53.064516129032256,20.161290322580644
1,2,37.392857142857146,,,,-4.1535714285714285,54.25,20.0
2,3,48.03333333333333,,,,-1.0666666666666667,64.9,30.8
3,4,61.53333333333333,,,,4.02,78.93333333333334,43.8
4,5,70.96774193548387,,,,3.97741935483871,88.6774193548387,52.774193548387096
5,6,72.03846153846153,,,,-3.0,92.0,51.57692307692308
6,8,76.76666666666667,,,,-1.9466666666666668,89.1,63.9
7,9,72.96666666666667,,,,-3.93,88.0,57.4
8,10,57.0,,,,-14.316129032258065,69.54838709677419,44.03225806451613
9,11,41.9,,,,-17.973333333333336,57.56666666666667,25.7
10,12,39.67741935483871,,,,-6.993548387096774,52.70967741935484,26.161290322580644
